-2095669000
1170793043
-1183586794
-2030737674
953071484
1352425161
-1880576162
16554554
-219475410
-1791622950
58445602
-1336544839
-1417930518
-954580170
581435697
-1934214201
1459381723
1610648713
1359322400
732215201
-898025991
634498984
1137042542
1247785664
-1196237359
-1223574778
-1307406615
-488822927
-1169602932
-1244476564
498022735
-652332891
-1278953687
-1594501655
1307613751
-366647547
311127564
1851366662
1240965425
1112374089
-1143419203
-2048441026
-44243924
784245194
-1630328856
-2005975892
240844568
-1030315179
1630098859
-46110202
2085407180
490776385
-730741743
1905186505
993953832
-656702111
1072156749
1243018407
2145824998
-1081860698
296064867
1201788577
-1163163465
-217815448
351881629
1142442871
1958041278
-243299178
560381669
1823778544
-1630333446
8756390
420320460
-1774377027
-1743468
1393057244
1940952536
-1446747232
492577904
-541155939
-1748704592
1219804429
-1042515599
1028012272
-964963186
1894911827
102996470
-905472903
-539347067
800015481
