189722792
-1462292468
-1516904999
948845443
-1003280265
63068500
-1315612971
-2144526255
-1642087729
-980562592
1560405704
-289076499
1212464024
1492134289
2100054021
-1567237774
770918071
1273500464
-1227270702
-1838043051
-608199792
-643135838
1876065683
-1290568010
1974136012
1271555545
-1582719449
1466495992
-441194404
-2086274546
1775303057
151894675
-761709636
-1262592852
1108221147
1270811688
-1987471236
-1436025969
995680822
996930261
-147784453
-830296979
-1029312154
1509411786
-1119140491
786105236
1697538652
-1526079716
-840939200
-1967267371
-815910126
715998078
-2129377369
-406487417
-384496761
-101629132
431364535
1533349823
-1776810967
109475225
1470802088
-1175011748
474598847
-2117316884
-395117198
950679826
-1925971295
145587043
1061331353
2018624677
-1736340770
-853409543
1905556182
795875064
-841006329
-1600347399
-934797870
103690769
892183921
-1568453412
143681833
-1384496959
789726076
986481288
-1867854235
433057985
-651066546
-1365297519
-1801441133
-1531832680
