-7275705064
-16519413218
-13917691141
-4858250738
4684268580
-9007182696
7942047552
148450640
-6309253505
-1993484898
-18706682529
-9714721655
-14639203026
-8546171236
1180721077
9171714010
-1528712468
625193330
-6659253580
9534588232
2494226264
-3663358168
2582913870
16469037262
15547170486
-3722126658
-7095027379
-18065454336
-16156081874
-11387370697
9978131586
-4610362442
10644759390
-8120550298
-15822634420
-12929659274
869593584
16467489140
-8879077316
13269118132
16951329525
1418597878
-3277802798
7072521764
2171010114
10033459257
-4953798246
-6632631751
19630178450
-1263870388
-198055889
3526830481
18180077629
5877881441
14091074171
3039377400
11041307476
637827799
-1927794649
-15554939274
-1488334383
6904362247
-19510577712
18295215608
-16926080932
-7002001637
17552506214
16453208136
13379352088
-4677216993
11445489685
4905409839
-7003024133
-17490005968
-19220770159
-12646844708
482359762
-13655594105
-13407283145
6207997335
9234087352
-13260029573
46928558
14214139013
8769943538
-19741673875
-8255909822
17773475395
13468948082
-14859900697
-12355739514
2150253665
-19510540504
545528238
12840234588
-916083183
5487605775
-16322480702
11990807246
-11059756633
2924379766
15686780152
-5998483715
-17617501159
7163786415
-4264748885
-1418974247
645822388
11228498707
-7679366614
-16409598917
8849685289
11993540663
-8058663645
-15358433628
-6615212977
13762578953
17407769366
-17809693568
-7737674449
-3414544271
1582448654
-13591764825
-13584840849
1339689597
-2942062107
-3592779571
-19708094368
512682990
-1741766329
-12071180243
-18313382681
-8214509245
9675750022
12400316009
13598219983
10933031165
12432612589
10298059015
-4984539401
-8780303187
1081564571
13047821425
-7125306934
-1616621390
3538311311
-9769018569
14039358393
-16535005664
-736275131
12654394573
14001618491
-19845350518
-5709131198
6880871703
-11891864682
-11010353345
-3581609999
13106253632
1463555691
-2346391778
19868356662
5808128099
5266843428
4790036382
15933216286
-4619692907
187133200
-15842283178
14613082750
19006231936
-18512633547
6619403795
11971138298
-9686458673
15955520865
-10630684432
8911507662
9891110947
-2695189603
4969024278
19310489386
2538910841
-15444199331
-2824636910
18908641211
2160121784
-12985070370
-3791919306
-18902269641
11493980136
19815510710
-16981006275
-18286841223
1426915271
15588838365
-19711529411
12169017653
3408575130
-19315413618
-12710853791
18749487637
-11461567419
-11538744848
-13579188444
-14403125407
-1822315584
7518972379
-8865494685
-86878645
-6519726993
9348537144
18127883764
-19881793115
5025860877
7722136422
-8891990464
-8814597497
-11223297921
11252742518
-918233881
16099917314
10869388051
900750308
-951826678
18364030293
-8708475120
15807987046
11130912528
-2301632959
-4717561164
3690777804
-16396517399
-10434460340
11336100183
-13874674232
5923418461
-11131064197
15973493604
-15589782000
19806101076
-10843997299
17990728303
8292429008
-18467265286
881929283
18678264677
-12305228634
3101141566
5766205285
19545665939
-13315712418
-14507935428
-998915523
-4624631074
19272651192
14237760438
7047545260
7968023238
8241204218
-4356294268
5980919846
4731007038
11034815710
-8571689380
3824897018
6300790717
-19129676988
-19790411012
-9960810312
18678897490
-3443143613
16181817509
-3697287010
-12099759775
1126940543
8489246721
-5039320876
9041714542
-2771204661
9218017134
-15019419079
6417959215
-3668145660
13591484361
19988599415
18100276773
9149047317
2868213431
-1065480913
5433762211
-3719004401
18605986372
7159832212
7016745331
10938785813
6369199671
-15879770182
-13354267522
-296403223
7621117108
-16259727947
6018069170
2632973799
10456495812
4354589612
-14476361326
10625144844
-7005841473
17416511808
-19754060272
15804304301
7663158439
17631602445
-6668014247
-10208628295
280246000
11900130826
-4820503213
5076296138
-5269603093
-19570923586
14428941621
-3690477858
-17773760257
-19399173378
-4462960079
-18818190014
13536265740
2662279197
17747394332
4663169567
3235789811
6024650136
1562992342
-4276786891
16948665406
5940809528
-8635616570
12256805339
5711843822
-17446418457
16606370063
-2209539399
-3991083518
-12215054749
-934831142
-17353530759
-317156274
10262707536
-10102998906
-7406661530
14852144968
4457710792
-12191828209
19612662071
7118866438
-2568750128
-11574244953
-17735890119
9770735717
-4931077458
-15002954826
17231796335
-17656050409
-596319827
-18164977803
18986829265
18827104579
19607448726
14466125888
1102431638
19950871831
-8542803879
14225696721
-9390438268
-1577966622
13557952086
-9914484701
-14117458460
11624608950
-16668214623
-13213084620
8895761467
-6775178377
11758347484
15892035058
-15705928725
3280743306
-6920858066
5154798308
571070096
-4128491697
4154232315
11652317707
12751025654
-6074944709
7886678836
15406445269
-8678241397
2837406038
-3893454601
-7235729069
-11232656724
7640568046
-10467110866
-17404564460
-17098905666
-17109795773
15908695234
-16596825902
-14699190232
108269685
-7869697700
-4264918503
13499863543
4529886725
-17830594769
-8181350194
-2810748405
11067786936
-10187707553
13135684347
1537299112
18821715652
-6282455443
6688771771
-15164734778
-15875752729
-17980022479
12002047181
-16971325993
4028536661
14685166847
-16562458059
10295734805
5307580472
-5954524953
-3802510113
2685804445
-11551359081
17425035845
-577996193
10932383370
1790516685
487749138
6080617831
8906712289
-2134544508
15918861143
6895232871
5779604963
-7828483292
9277305699
4321094517
-7189306647
-15984711259
-7667485571
-17348546343
19785842135
-10271093837
-6074013079
1600670406
-18524944878
479399773
9374465206
3259538801
-18915264334
-9947559937
11658114554
-3894289311
-14470244030
-17593368077
11113691779
-15208867215
16452321906
4458563171
15079226207
-9282517790
11266210284
16472862346
-15086689031
-4050339103
-19893496819
-9404385000
-4961334830
1806442646
17416499012
-2516484255
7136184419
-16493537291
-18994933696
-18354781065
-17657735859
-16463220069
-13240755600
18025401746
-14721255353
-1049696199
3798474375
5526120711
5971376513
1587462583
-20000000000
-19999999992
-19999999987
-19999999978
-19999999970
-19999999968
-19999999961
-19999999956
-19999999954
-19999999947
-19999999940
-19999999933
-19999999926
-19999999922
-19999999918
-19999999909
-19999999901
-19999999898
-19999999893
-19999999886
-19999999878
-19999999871
-19999999866
-19999999860
-19999999852
-19999999844
-19999999841
-19999999836
-19999999829
-19999999822
-19999999815
-19999999813
-19999999808
-19999999807
-19999999804
-19999999800
-19999999799
-19999999797
-19999999792
-19999999784
-19999999781
-19999999779
-19999999771
-19999999766
-19999999764
-19999999758
-19999999757
-19999999751
-19999999746
-19999999744
-19999999743
-19999999735
-19999999730
-19999999724
-19999999716
-19999999713
-19999999708
-19999999700
-19999999698
-19999999690
-19999999684
-19999999678
-19999999677
-19999999676
-19999999670
-19999999662
-19999999659
-19999999654
-19999999649
-19999999646
-19999999638
-19999999632
-19999999631
-19999999625
-19999999619
-19999999615
-19999999607
-19999999605
-19999999598
-19999999592
-19999999586
-19999999581
-19999999572
-19999999571
-19999999567
-19999999559
-19999999552
-19999999545
-19999999541
-19999999534
-19999999528
-19999999524
-19999999520
-19999999517
-19999999512
-19999999506
-19999999504
-19999999502
-19999999502
-19999999497
-19999999492
-19999999486
-19999999484
-19999999484
-19999999480
-19999999472
-19999999469
-19999999461
-19999999459
-19999999456
-19999999454
-19999999450
-19999999449
-19999999440
-19999999432
-19999999430
-19999999428
-19999999420
-19999999418
-19999999415
-19999999414
-19999999405
-19999999399
-19999999393
-19999999393
-19999999389
-19999999386
-19999999384
-19999999380
-19999999375
-19999999371
-19999999365
-19999999360
-19999999357
-19999999357
-19999999353
-19999999353
-19999999349
-19999999340
-19999999332
-19999999332
-19999999323
-19999999314
-19999999308
-19999999302
-19999999296
-19999999287
-19999999280
-19999999273
-19999999272
-19999999268
-19999999260
-19999999256
-19999999247
-19999999247
-19999999243
-19999999240
-19999999235
-19999999229
-19999999224
-19999999222
-19999999221
-19999999215
-19999999206
-19999999197
-19999999194
-19999999193
-19999999185
-19999999182
-19999999181
-19999999175
-19999999167
-19999999163
-19999999159
-19999999151
-19999999151
-19999999146
-19999999146
-19999999146
-19999999142
-19999999140
-19999999137
-19999999129
-19999999126
-19999999121
-19999999120
-19999999119
-19999999112
-19999999105
-19999999102
-19999999096
-19999999090
-19999999082
-19999999073
-19999999067
-19999999058
-19999999051
-19999999050
-19999999049
-19999999042
-19999999042
-19999999034
-19999999034
-19999999027
-19999999027
-19999999021
-19999999013
-19999999004
-19999999004
-19999999002
-19999998995
-19999998991
-19999998982
-19999998976
-19999998968
-19999998963
-19999998958
-19999998953
-19999998950
-19999998949
-19999998940
-19999998933
-19999998925
-19999998916
-19999998911
-19999998906
-19999998900
-19999998896
-19999998891
-19999998882
-19999998877
-19999998876
-19999998873
-19999998867
-19999998861
-19999998860
-19999998853
-19999998852
-19999998849
-19999998843
-19999998837
-19999998834
-19999998832
-19999998831
-19999998825
-19999998824
-19999998815
-19999998810
-19999998808
-19999998803
-19999998803
-19999998801
-19999998799
-19999998796
-19999998792
-19999998789
-19999998786
-19999998785
-19999998784
-19999998781
-19999998775
-19999998766
-19999998759
-19999998756
-19999998752
-19999998750
-19999998748
-19999998740
-19999998733
-19999998732
-19999998729
-19999998724
-19999998717
-19999998714
-19999998705
-19999998705
-19999998700
-19999998691
-19999998685
-19999998685
-19999998677
-19999998675
-19999998672
-19999998666
-19999998660
-19999998656
-19999998656
-19999998648
-19999998644
-19999998635
-19999998628
-19999998624
-19999998618
-19999998610
-19999998608
-19999998600
-19999998591
-19999998582
-19999998579
-19999998577
-19999998573
-19999998572
-19999998571
-19999998566
-19999998557
-19999998549
-19999998540
-19999998538
-19999998538
-19999998529
-19999998523
-19999998517
-19999998508
-19999998507
-19999998505
-19999998504
-19999998503
-19999998496
-19999998494
-19999998494
-19999998488
-19999998487
-19999998483
-19999998476
-19999998472
-19999998469
-19999998460
-19999998455
-19999998447
-19999998443
-19999998438
-19999998429
-19999998420
-19999998418
-19999998418
-19999998416
-19999998408
-19999998405
-19999998399
-19999998394
-19999998392
-19999998387
-19999998386
-19999998386
-19999998381
-19999998379
-19999998378
-19999998373
-19999998373
-19999998373
-19999998366
-19999998360
-19999998353
-19999998348
-19999998344
-19999998336
-19999998333
-19999998328
-19999998320
-19999998316
-19999998314
-19999998308
-19999998304
-19999998299
-19999998290
-19999998289
-19999998289
-19999998286
-19999998284
-19999998276
-19999998267
-19999998263
-19999998260
-19999998259
-19999998250
-19999998244
-19999998241
-19999998239
-19999998237
-19999998231
-19999998222
-19999998217
-19999998213
-19999998207
-19999998202
-19999998197
-19999998190
-19999998182
-19999998179
-19999998173
-19999998171
-19999998164
-19999998155
-19999998153
-19999998148
-19999998140
-19999998134
-19999998130
-19999998122
-19999998119
-19999998116
-19999998111
-19999998105
-19999998105
-19999998103
-19999998103
-19999998099
-19999998098
-19999998095
-19999998088
-19999998081
-19999998079
-19999998076
-19999998069
-19999998067
-19999998063
-19999998055
-19999998050
-19999998050
-19999998045
-19999998036
-19999998028
-19999998026
-19999998021
-19999998019
-19999998017
-19999998009
-19999998007
-19999998001
-19999997998
-19999997989
-19999997988
-19999997984
-19999997979
-19999997974
-19999997973
-19999997967
-19999997966
-19999997963
-19999997963
-19999997956
-19999997951
-19999997944
-19999997941
-19999997934
-19999997931
-19999997924
-19999997921
-19999997920
-19999997915
-19999997909
-19999997907
-19999997898
-19999997890
-19999997887
-19999997882
-19999997878
-19999997877
-19999997876
-19999997873
-19999997868
-19999997864
-19999997855
-19999997854
-19999997845
-19999997836
-19999997833
-19999997828
-19999997824
-19999997815
-19999997807
-19999997806
-19999997803
-19999997794
-19999997789
-19999997780
-19999997775
-19999997768
-19999997760
-19999997758
-19999997754
-19999997747
-19999997742
-19999997741
-19999997732
-19999997725
-19999997717
-19999997714
-19999997712
-19999997704
-19999997698
-19999997693
-19999997691
-19999997689
-19999997682
-19999997676
-19999997676
-19999997669
-19999997667
-19999997659
-19999997656
-19999997654
-19999997653
-19999997652
-19999997645
-19999997644
-19999997642
-19999997636
-19999997636
-19999997629
-19999997627
-19999997618
-12410365503
-8964157577
-7368151143
11706147228
-6243195875
4212740014
19782167333
-18888316581
339145972
