-16476119194
11982995656
-8018289660
-3172902293
-14095654754
2461731703
14100721873
13569383128
-11109444267
5215126077
-4006785541
-572092275
10765689278
-14124940489
-3369570693
-17721079875
9983671713
-10899656517
-19891555209
-4572646337
-15452267523
9934844799
-7438605281
18824588662
4859466083
4040472957
563365442
-12366628126
6709521164
-4600010969
6615906475
-6058133953
6745143186
4811172502
13607138891
-2219571031
9663829264
-11529553154
-2332499137
-4803781940
14546418353
-16829386930
-12363740576
-16007670834
-2842975513
3113921972
-608058170
-18160288869
-14298745239
3068257552
14588940519
-13178318967
-551761088
13570787932
-14118420903
7072399554
2786042345
6109984610
-5493995664
4022272379
-18305886225
-306517220
-18870668010
-7135249406
15280465668
14935816524
-2835476014
-15789387649
-8054640808
-2223375700
1288554796
12497355549
7897319740
12166484723
14690473591
19572873099
5161379837
-465900631
-11384967519
5974179819
16883505519
-17424893249
-10943370042
-12226500108
9649214172
-8120622801
-14002650239
-16534411589
-14301520136
16140194359
8371977596
-16778270486
12333048066
165290318
10981896372
-18062583087
-18523611611
19636274506
15868869536
7852268228
9260533418
7539544032
18198743477
10122321105
-16321858004
-5581653765
-14505809965
1576376589
17752183063
-6927805631
-10905342665
-13010336409
-13660315098
8056444192
8010771914
-17440378964
-3399921177
-18688648055
-2120515711
8870187035
5322705689
-2523455440
-18484680331
-2517470285
10722142828
5923355643
-7407831883
10391719563
-8025962877
-8735929829
10279082481
-8059586643
6678230715
-19926330333
192649005
14382168764
-15400003442
-11213759002
-14182464893
1138591330
15454284630
-3795244089
-5414114184
15896048358
-838075109
-16210472311
-5904688933
-8960717778
8920812070
-12132835230
-3515740433
-4479211083
10599155920
-9871551322
2772638684
10116401741
6371920458
16260100206
-15985391592
7119088905
-13814313715
17281962870
12399533009
1874522221
-2448825024
14137710248
2976138027
15163546400
-17673215890
-6686282189
-14536009675
-1711758400
18570520565
-10262654674
-4344537760
6819825696
6201784167
2932384780
-2799563814
-15681787729
7128522823
-16613956338
-2894977246
-6065389851
-6340665796
18308352923
-17935320085
13660082747
-6565829828
-558512979
-2208862796
10084594585
-15228676721
-9696987615
19781620885
5882593892
-6757502878
-13776322017
-18482073475
17842755226
-11548244755
17766888122
-5128044976
-14888909291
19408273069
-13406406927
17533372276
11418157294
-2453182405
2562871339
-6435853772
10412694124
-1635996366
-8164945120
15723749886
9825552869
-14197618889
7970801007
11997889390
18039376760
-12071492810
1496083727
3802693512
5741007384
8115207032
-11870362089
-374666409
5685208300
-17147704031
1845958640
-4598860023
-14800186985
15474077826
6173491157
-8283689070
-1085999559
4506032451
-14395733054
7964400019
-16707060435
5997129773
-11282263096
14873811833
9913623280
-18881699719
-14401832829
-637393588
-8981731733
-16528369452
-5648505710
19465972885
8733220454
14968940419
-14995877175
-17879201197
18442861806
4802434427
-16207315056
-17119185262
17159594585
2944201619
16830366613
-15825122151
-10667481926
7775392581
9361955631
17509980930
5388996011
-13140036002
15296332680
15059693559
-7595138165
541948387
-8568313441
7367735764
1650575322
19959269571
-8234692198
6435514436
-15637783844
4231173469
19506352666
-12748536592
-5062258076
-14009570450
-2113433761
-14140881233
9860518822
-9904500862
5590482777
8349920114
-18996309349
17271939608
-11396786765
-7294227738
13570510976
-17403616851
7500463389
4205495145
-8222672404
8150466040
-12317986484
15148327715
9487471247
-10163822537
-10223557016
-19063281727
-1644133558
10258144455
8421434822
-2900288829
-17354267555
-7257575873
-149415462
-14372723683
-12269671449
-14024546957
-7805832370
14025027624
-11605770649
-5589142831
-12872087721
-3212215977
3400205850
6505891617
-2519634883
6529556363
4389335847
-18986665647
-17363990973
10796551183
-9966468584
-9031266466
2047857665
-9371134274
-19538762188
15676963871
6899808049
8225619031
12328614713
12916095710
10935591599
-6392687095
-18489913374
16740678119
3697740256
13958283064
-11766316316
10680564928
12896534274
14371167798
8588193131
-18204511036
-12644534520
-4995620804
6680682624
-12040343661
17956309187
-2797377305
13324504188
-11085307584
1233466217
-10080422469
-10010505456
1043323586
18743798167
17820921694
-9152389933
-3519738998
15064729917
-6265081975
-8901194924
-909208017
8249972832
10656878514
6363547158
-6988323447
18798779412
12302860054
-14220108772
-6137038115
-3328811510
16247015116
-19455371542
18403459284
-19391692914
-10033914781
-10010436937
5316616446
19993212515
17653585300
-11114443539
-12022366338
-13285352370
4455295897
-17481483715
-533287821
-17027785901
4816722568
183084600
-19242612769
10688357194
12922278978
3091348529
4922969521
-10831014063
-4255029248
-10704556570
-16631831434
9881133514
3014463879
6074482164
4507042738
-19307366016
-6549559428
9337824202
10972482600
16645339136
12897242190
19948244886
8356497376
309988845
-12465153853
18470127995
16644623239
-18002632621
14130283109
12699371492
4921861778
-1423005692
-667326731
-13566735009
10591592867
19381109909
-18695887669
-6709850794
16262985363
-1351685624
19517718868
15990229053
-19373524816
-13812232978
2343185244
9360489894
14050972853
1421412208
17079270456
-15571787770
15300485647
-9311735995
13381720629
-8680848725
-17318068385
-16328641879
8574153356
-19721995091
1099975781
-17965493388
-7881463857
2980369867
-14091219258
-8167396911
-13439085790
-19593074931
-4885379294
-9014263659
13557138368
-11097839126
-16602615022
-15916021249
-3877618615
-17358458859
-15416951427
-983760273
-17962686229
-1417481146
-6386753696
3393170792
18382853189
19076425678
-5277833441
-16539356603
-16535520982
-2330214037
9445019565
-5823092047
9926164941
5225192106
-3753576042
16353070288
11643029545
-13656576259
2971090038
-14766864127
17020889093
-9829930057
-6016732680
-15383619275
-7380053682
-4978544490
5775467085
11601402809
13558907824
-17133732516
7991037980
-10742228936
944902947
17550803724
-18780752402
-1992277411
1613617361
19757359156
-11414439295
11226965228
11753131022
-7963199018
15073894733
-3449839405
3524013893
-11142026336
-3318326518
1593255451
-17422715660
-10531892328
922578180
-18718611227
-15589094285
15460002540
-9144053120
3697637988
-11205438045
-19706718120
6735839072
12344470664
-5968497027
-15381395669
12536850471
4936300402
-13384670133
-894728212
-972185266
-7681889176
-13121362323
-14425763739
10728602502
-14168297090
-12480497264
17590059798
10999283094
7427629937
-10569133146
-6733023041
-2325029242
4047511292
-1953074848
5895719378
11073771815
16277916961
13459695719
-7900618048
-3130746056
1003625331
8848005211
-7421869757
18232986878
18764594292
4300187122
-2895876730
14816712407
-11252449535
6900858691
-16720390999
-19442199375
7819668438
2991196866
-2327332905
-2044312025
4738377766
-5198799203
8296694628
-16618932010
16647889976
-8808510499
19001232160
-13856334062
-7800399442
11031245240
19193343797
3458493943
-15889903831
17777980457
-13589713306
4114525788
13697036673
-4886144315
4615791824
-4436168092
10909771647
16032360628
7693831690
2313234650
15598090905
-8441797529
-14534682725
-12085361155
-10760918252
10322344771
18654716080
8514235080
11068625170
-3496831266
-414828340
-7165148418
-1459369088
-18816193890
-13017763350
-18370228665
-736335909
964769282
-3882082697
-10939574137
-9958809703
-12289967758
-371721284
-10885596301
-11631789054
-5406184674
9689425007
2094297034
12713652669
-3845635551
8838233405
19371973146
-19855600372
-16149913687
-5424219743
-983098231
3323454261
-6347533478
-18007040822
-9428749861
-16358746911
8499254194
-10990642988
4158517654
13215726130
15970466430
10418019587
7276525966
15723282535
-9661185466
9780289082
12039672836
-5500590958
8185236931
-17683534234
6299396802
16074192204
18059268875
7289616302
3985867985
-1715399925
7203045604
-5018605224
-16822007958
14331924882
2146811284
-18789673135
-15177135168
7629369440
-14977161063
11444548425
689886072
17011305536
3733770353
6912572121
6058793368
-2147706038
-18349596831
-3282800530
-9195041564
11870536998
-8696946087
12809280281
-8040676643
-13133028362
6569656658
18779561528
11484444840
17377792260
-10847153752
-1221559129
-5077845118
8194752690
-2322683786
9475003848
-10267574239
-5065851330
-8472186886
-4181709785
-20000000000
-19999999996
-19999999994
-19999999985
-19999999976
-19999999967
-19999999966
-19999999959
-19999999954
-19999999946
-19999999937
-19999999934
-19999999925
-19999999920
-19999999918
-19999999916
-19999999915
-19999999913
-19999999909
-19999999900
-19999999896
-19999999896
-19999999890
-19999999889
-19999999882
-19999999880
-19999999876
-19999999873
-19999999866
-19999999866
-19999999857
-19999999855
-19999999846
-19999999837
-19999999836
-19999999833
-19999999825
-19999999817
-19999999809
-19999999808
-19999999806
-19999999804
-19999999800
-19999999799
-19999999790
-19999999787
-19999999782
-19999999778
-19999999775
-19999999769
-19999999768
-19999999767
-19999999763
-19999999754
-19999999750
-19999999743
-19999999738
-19999999733
-19999999724
-19999999724
-19999999715
-19999999706
-19999999704
-19999999701
-19999999695
-19999999692
-19999999686
-19999999683
-19999999674
-19999999668
-19999999660
-19999999655
-19999999651
-19999999651
-19999999650
-19999999649
-19999999641
-19999999632
-19999999627
-19999999624
-19999999618
-19999999613
-19999999613
-19999999613
-19999999607
-19999999601
-19999999598
-19999999592
-19999999590
-19999999582
-19999999579
-19999999577
-19999999573
-19999999564
-19999999563
-19999999558
-19999999551
-19999999549
-19999999549
-19999999543
-19999999538
-19999999536
-19999999528
-19999999526
-19999999521
-19999999513
-19999999504
-19999999495
-19999999488
-19999999480
-19999999471
-19999999471
-19999999471
-19999999466
-19999999466
-19999999465
-19999999457
-19999999450
-19999999450
-19999999446
-19999999445
-19999999436
-19999999435
-19999999426
-19999999425
-19999999420
-19999999416
-19999999412
-19999999406
-19999999403
-19999999396
-19999999389
-19999999384
-19999999384
-19999999379
-19999999377
-19999999368
-19999999365
-19999999364
-19999999357
-19999999348
-19999999341
-19999999338
-19999999329
-19999999321
-19999999312
-19999999308
-19999999299
-19999999297
-19999999291
-19999999290
-19999999283
-19999999280
-19999999278
-19999999278
-19999999278
-19999999277
-19999999270
-19999999263
-19999999258
-19999999254
-19999999251
-19999999249
-19999999246
-19999999243
-19999999235
-19999999234
-19999999231
-19999999229
-19999999227
-19999999222
-19999999214
-19999999206
-19999999206
-19999999202
-19999999202
-19999999198
-19999999195
-19999999192
-19999999189
-19999999182
-19999999180
-19999999175
-19999999166
-19999999162
-19999999153
-19999999146
-19999999137
-19999999137
-19999999136
-19999999134
-19999999129
-19999999125
-19999999123
-19999999121
-19999999115
-19999999110
-19999999103
-19999999097
-19999999093
-19999999088
-19999999085
-19999999079
-19999999074
-9447162404
17696228250
-5145463124
-9101634485
-3384388854
-360310631
-3033058151
-3793019434
-14569015179
-7712885269
5003665329
17136414478
-19723278411
-2700173012
4590687031
-8262377610
16984864217
14666562878
-13040081699
17801916019
11236500325
754093780
-8650187602
7971922578
-13239349336
-4158628957
-18991547804
15476813033
-2773415872
-15360599638
6154840703
-16533335571
19814178545
-1193148724
5574411721
14553614988
-107736458
2229217375
-6904896045
-12949708184
3930184589
17837181618
-13989349766
-19471195342
11713144850
-1002393418
19588037817
-4293596926
9127200757
-981565463
-4883578922
-17703274076
9225080617
9066554892
8525070755
-16651646061
-8020662161
17805527632
2418265435
-14274780332
-7925377938
-4682137741
-3554668841
-6233774101
-713785105
19384357190
19244360487
-3205764406
7437237146
3950826840
-10231554170
1027410540
15622285625
17620348505
16623575756
-17421304947
9330554471
-5733021324
-18882333536
10612048057
9296803999
18374690991
3040486807
8356831224
12353868845
-5536879537
17764582928
-15435408343
-18744312317
-17030510091
19077592114
-874723953
9385173073
4213914475
-15773340346
-16057274369
-8543471574
-2416895762
15975990912
-16197870488
12766955700
-5174728487
11048864979
11844898961
-12752010207
-15643100774
-4854230698
10399269668
-11487980566
7739790176
-8199378891
10297725182
-11715140429
19994685237
-4342663922
10445154161
-16939432573
2175499069
-19680651588
-5715508988
