-11797104656
-6766563488
4217269013
-1734179179
1292084495
-265829889
9235723443
-483296101
2549782119
19813919276
-12846374190
6817097492
-15933290592
-9416168626
18557898336
18207462192
11291180606
11125983408
-5073965390
2837299865
-20000000000
-19999999994
-19999999993
-19999999985
-19999999985
-19999999983
-19999999981
-19999999978
-19999999973
-19999999964
-19999999955
-19999999950
-19999999949
-19999999944
-19999999942
-19999999934
-19999999934
-19999999932
-19999999930
-19999999921
-19999999912
-19999999907
-19999999904
-19999999900
-19999999898
-19999999896
-19999999889
-19999999886
-19999999881
-19999999878
-19999999872
-19999999871
-19999999865
-19999999859
-19999999850
-19999999844
-19999999843
-19999999840
-19999999832
-19999999828
-19999999822
-19999999822
-19999999821
-19999999818
-19999999815
-19999999813
-19999999807
-19999999799
-19999999791
-19999999787
-19999999783
-19999999778
-19999999776
-19999999774
-19999999773
-19999999767
-19999999758
-19999999757
-19999999757
-19999999752
-19999999750
-19999999745
-19999999745
-19999999741
-19999999736
-19999999728
-19999999725
-19999999718
-19999999716
-19999999714
-19999999708
-19999999701
-19999999695
-19999999691
-19999999686
-19999999682
-19999999674
-19999999668
-19999999661
-19999999661
-19999999654
-19999999650
-19999999649
-19999999648
-19999999646
-19999999642
-19999999636
-19999999634
-19999999632
-19999999623
-19999999619
-19999999614
-19999999609
-19999999601
-19999999601
-19999999600
-19999999598
-19999999593
-19999999584
-19999999575
-19999999567
-19999999561
-19999999556
-19999999548
-19999999539
-19999999534
-19999999531
-19999999524
-19999999523
-19999999520
-19999999516
-19999999516
-19999999510
-19999999507
-19999999498
-19999999489
-19999999484
-19999999475
-19999999475
-19999999466
-19999999457
-19999999457
-19999999451
-19999999449
-19999999440
-19999999437
-19999999434
-19999999427
-19999999422
-19999999417
-19999999410
-19999999407
-19999999406
-19999999404
-19999999401
-19999999397
-19999999392
-19999999389
-19999999383
-19999999375
-19999999374
-19999999374
-19999999365
-19999999358
-19999999358
-19999999355
-19999999354
-19999999350
-19999999341
-19999999333
-19999999325
-19999999317
-19999999313
-19999999306
-19999999306
-19999999301
-19999999293
-19999999286
-19999999283
-19999999279
-19999999270
-19999999267
-19999999264
-19999999258
-19999999249
-19999999245
-19999999239
-19999999231
-19999999230
-19999999222
-19999999213
-19999999205
-19999999202
-19999999195
-19999999186
-19999999185
-19999999180
-19999999171
-19999999166
-19999999160
-19999999155
-19999999153
-19999999153
-19999999145
-19999999144
-19999999142
-19999999137
-19999999137
-19999999134
-19999999126
-19999999120
-19999999114
-19999999108
-19999999103
-19999999094
-19999999085
-19999999079
-19999999073
-19999999067
-19999999067
-19999999060
-19999999054
-19999999046
-19999999038
-19999999034
-19999999031
-19999999025
-19999999017
-19999999010
-19999999003
-19999998998
-19999998993
-19999998984
-19999998982
-19999998975
-19999998971
-19999998966
-19999998962
-19999998956
-19999998953
-19999998948
-19999998948
-19999998946
-19999998945
-19999998941
-19999998941
-19999998941
-19999998941
-19999998936
-19999998933
-19999998926
-19999998920
-19999998915
-19999998914
-19999998914
-19999998908
-19999998908
-19999998907
-19999998903
-19999998894
-19999998886
-19999998883
-19999998882
-19999998876
-19999998867
-19999998861
-19999998860
-19999998855
-19999998851
-19999998844
-19999998844
-19999998843
-19999998834
-19999998830
-19999998821
-19999998817
-19999998816
-19999998812
-19999998812
-19999998809
-19999998805
-19999998801
-19999998801
-19999998795
-19999998794
-19999998791
-19999998787
-19999998781
-19999998775
-19999998769
-19999998765
-19999998758
-19999998751
-19999998750
-19999998741
-19999998739
-19999998735
-19999998733
-19999998726
-19999998720
-19999998714
-19999998706
-19999998706
-19999998705
-19999998700
-19999998696
-19999998689
-19999998689
-19999998683
-19999998674
-19999998674
-19999998669
-19999998666
-19999998664
-19999998657
-19999998652
-19999998645
-19999998643
-19999998638
-19999998633
-19999998626
-19999998617
-19999998611
-19999998609
-19999998607
-19999998604
-19999998602
-19999998597
-19999998594
-19999998585
-19999998583
-19999998580
-19999998574
-19999998569
-19999998563
-19999998562
-19999998555
-19999998548
-19999998539
-19999998530
-19999998528
-19999998523
-19999998516
-19999998509
-19999998508
-19999998503
-19999998495
-19999998487
-19999998481
-19999998477
-19999998469
-19999998463
-19999998460
-19999998455
-19999998450
-19999998442
-19999998441
-19999998436
-19999998436
-19999998432
-19999998430
-19999998426
-19999998426
-19999998423
-19999998419
-19999998410
-19999998409
-19999998403
-19999998396
-19999998391
-19999998388
-19999998384
-19999998376
-19999998374
-19999998368
-19999998364
-19999998359
-19999998355
-19999998352
-19999998347
-19999998346
-19999998337
-19999998333
-19999998332
-19999998329
-19999998320
-19999998320
-19999998319
-19999998314
-19999998309
-19999998305
-19999998299
-19999998295
-19999998295
-19999998286
-19999998279
-19999998272
-19999998268
-19999998260
-19999998257
-19999998255
-19999998246
-19999998239
-19999998230
-19999998224
-19999998220
-19999998214
-19999998206
-19999998206
-19999998202
-19999998196
-19999998190
-19999998183
-19999998176
-19999998172
-19999998170
-19999998163
-19999998163
-19999998161
-19999998155
-19999998151
-19999998142
-19999998135
-19999998130
-19999998128
-19999998120
-19999998120
-19999998116
-19999998109
-19999998103
-19999998099
-19999998099
-19999998097
-19999998092
-19999998086
-19999998082
-19999998073
-19999998066
-19999998063
-19999998054
-19999998054
-19999998046
-19999998037
-19999998028
-19999998024
-19999998023
-19999998023
-19999998015
-19999998007
-19999998000
-19999998000
-19999997994
-19999997986
-19999997981
-19999997979
-19999997973
-19999997968
-19999997968
-19999997959
-19999997950
-19999997946
-19999997937
-19999997929
-19999997926
-19999997925
-19999997919
-19999997912
-19999997904
-19999997896
-19999997889
-19999997887
-19999997887
-19999997885
-19999997879
-19999997878
-19999997871
-19999997869
-19999997866
-19999997863
-19999997859
-19999997850
-19999997847
-19999997843
-19999997838
-19999997829
-19999997824
-19999997824
-19999997823
-19999997815
-19999997807
-19999997807
-19999997798
-19999997789
-19999997787
-19999997778
-19999997777
-19999997777
-19999997775
-19999997775
-19999997774
-19999997769
-19999997765
-19999997759
-19999997750
-19999997747
-19999997744
-19999997736
-19999997729
-19999997728
-19999997728
-19999997724
-19999997721
-19999997715
-19999997712
-19999997707
-19999997700
-19999997692
-19999997691
-19999997690
-19999997690
-19999997687
-19999997678
-19999997671
-19999997664
-19999997661
-19999997654
-19999997649
-19999997646
-19999997640
-19999997631
-19999997623
-19999997615
-19999997613
-19999997606
-19999997601
-19999997600
-19999997593
-19999997588
-19999997584
-19999997579
-19999997571
-19999997569
-19999997562
-19999997559
-19999997556
-19999997549
-19999997548
-19999997543
-19999997538
-19999997529
-19999997523
-19999997514
-19999997505
-19999997499
-19999997491
-19999997487
-19999997484
-19999997481
-19999997480
-19999997479
-19999997475
-19999997475
-19999997474
-19999997465
-19999997458
-19999997457
-19999997453
-19999997452
-19999997447
-19999997444
-19999997438
-19999997436
-19999997434
-19999997432
-19999997429
-19999997423
-19999997419
-19999997417
-19999997417
-19999997415
-19999997409
-19999997402
-19999997400
-19999997400
-19999997400
-19999997392
-19999997389
-19999997386
-19999997378
-19999997376
-19999997374
-19999997366
-19999997360
-19999997360
-19999997351
-19999997351
-19999997347
-19999997345
-19999997338
-19999997335
-19999997329
-19999997325
-19999997316
-19999997312
-19999997308
-19999997308
-19999997304
-19999997295
-19999997294
-19999997286
-19999997278
-19999997276
-19999997270
-19999997266
-19999997261
-19999997256
-19999997253
-19999997250
-19999997242
-19999997234
-19999997233
-19999997224
-19999997224
-19999997217
-19999997208
-19999997208
-19999997205
-19999997197
-19999997193
-19999997184
-19999997175
-19999997171
-19999997164
-19999997155
-19999997146
-19999997143
-19999997137
-19999997134
-19999997125
-19999997118
-19999997114
-19999997114
-19999997110
-19999997101
-19999997100
-19999997096
-19999997090
-19999997089
-19999997082
-19999997080
-19999997078
-19999997070
-19999997061
-19999997055
-19999997054
-19999997054
-19999997050
-19999997041
-19999997038
-19999997030
-19999997024
-19999997022
-19999997014
-19999997010
-19999997006
-19999997001
-19999996992
-19999996986
-19999996982
-19999996982
-19999996974
-19999996970
-19999996961
-19999996959
-19999996951
-19999996944
-19999996944
-19999996940
-19999996937
-19999996930
-19999996926
-19999996924
-19999996923
-19999996914
-19999996910
-19999996907
-19999996899
-19999996892
-19999996891
-19999996890
-19999996884
-19999996884
-19999996878
-19999996876
-19999996868
-19999996866
-19999996861
-19999996857
-19999996848
-19999996847
-19999996843
-19999996836
-19999996831
-19999996823
-19999996817
-19999996812
-19999996803
-19999996798
-19999996795
-19999996790
-19999996783
-19999996782
-19999996777
-19999996771
-19999996762
-19999996761
-19999996759
-19999996755
-19999996746
-19999996737
-19999996734
-19999996734
-19999996729
-19999996725
-19999996725
-19999996716
-19999996710
-19999996703
-19999996700
-19999996696
-19999996688
-19999996681
-19999996678
-19999996678
-19999996669
-19999996662
-19999996655
-19999996651
-19999996649
-19999996647
-19999996643
-19999996642
-19999996636
-19999996633
-19999996632
-19999996628
-19999996621
-19999996612
-19999996608
-19999996605
-19999996602
-19999996595
-19999996590
-19999996585
-19999996581
-19999996576
-19999996572
-19999996570
-19999996566
-19999996559
-19999996553
-19999996551
-19999996551
-19999996549
-19999996542
-19999996539
-19999996533
-19999996524
-19999996515
-19999996515
-19999996515
-19999996507
-19999996506
-19999996501
-19999996492
-19999996487
-19999996480
-19999996476
-19999996474
-19999996465
-19999996463
-19999996455
-19999996452
-19999996451
-19999996449
-19999996444
-19999996441
-19999996438
-19999996430
-19999996425
-19999996424
-19999996424
-19999996422
-19999996418
-19999996412
-19999996404
-19999996396
-19999996392
-19999996390
-19999996382
-19999996382
-19999996382
-19999996380
-19999996375
-19999996367
-19999996365
-19999996360
-19999996351
-19999996346
-19999996337
-19999996333
-19999996331
-19999996324
-19999996323
-19999996320
-19999996318
-19999996314
-19999996311
-19999996304
-19999996297
-19999996294
-19999996288
-19999996283
-19999996280
-19999996271
-19999996267
-19999996264
-19999996260
-19999996257
-19999996248
-19999996246
-19999996241
-19999996233
-19999996224
-19999996224
-19999996220
-19999996216
-19999996210
-19999996202
15445688203
2153760907
5083435999
11227992119
19983704488
-14872582521
7628609461
-16007376109
-14602855539
-6649381755
15031160929
-14430434900
8486506428
-3510259204
-17838115141
2452429574
-4611441651
6220113658
-12023484813
-17889913561
5273746130
-2661437847
-12043553815
15007579855
3605725476
-8098490363
-10357548075
19457901616
19612656851
7727735504
-6920901
19257003825
-8903510776
2643974310
-12599012037
4718508445
9433019248
7140584725
-3447962866
-361370301
8592068755
10643593594
10913496562
-114107376
14233689093
10398460179
15489329597
-16275715447
2412859875
-12999984223
11582041369
19642552719
12151727236
-3107970829
-4347837309
14376408262
12114956972
-10301028154
15967992488
11974469394
18850379779
7041586261
3589792446
14172836836
-17466354434
19526924548
18334180660
3007260140
-4117848167
9892609419
15716041048
8505900971
2880124713
12824097528
-12533168620
-2530214644
-13816772093
-4247177347
-3920282402
-16237912469
-4452304622
-10017866915
12933543606
-3808564591
-15644501324
-2222988355
19899204708
-13011475619
7283672543
-11407370414
-14066459139
-17960637567
19392423040
-3594156793
3017450482
3452527073
-14616727632
-19847193838
19896468018
15701911840
17504996854
-9435059845
7433625802
-1499540275
11561720527
19234549035
-14014029158
-7275521755
-17295933539
9530457936
-16932315030
122168595
16160832759
4023082028
-11335696171
-16795926732
2795239054
9367418481
15914094700
-11372773936
5346319408
-2868480541
16474235314
5548812947
-1557357404
7847040777
2740965620
9839248000
3952059935
-14402449156
13194477218
15708617854
-17042219536
-18250664163
2490848032
18214517176
6627605423
8968496843
-15475097266
-16716661266
10469739818
-19542803081
4539437679
6291184329
-54852394
-5619001336
5457805849
15914580201
132986022
-251751199
-16031558936
-13124722547
8122212767
7541590214
3491433518
-16632535200
-5970979671
9690694424
4008850543
4369781089
5016331814
-1485610127
2842064353
-17291408203
16418121515
-19450573433
15810880215
1653033780
-14952072085
11222177567
4810867921
-4013571461
-8002556998
608631247
15696811362
18912684298
15707678067
-4432897927
9461797358
-18179594872
-9178295643
-10182846200
-9947003057
10841474770
-15695400201
